acc = 0.9896686159844055
acc_and_f1 = 0.8068910455808552
hamming_loss = 0.010331384015594542
micro-f1 = 0.624113475177305
precision = 0.6875
recall = 0.5714285714285714
