acc = 0.9918518518518519
acc_and_f1 = 0.8481182880192781
hamming_loss = 0.008148148148148147
micro-f1 = 0.7043847241867044
precision = 0.7432835820895523
recall = 0.6693548387096774
