acc = 0.991812865497076
acc_and_f1 = 0.8410391761113698
hamming_loss = 0.008187134502923977
micro-f1 = 0.6902654867256637
precision = 0.75
recall = 0.639344262295082
