acc = 0.9604456824512535
acc_and_f1 = 0.8582297140778604
hamming_loss = 0.03955431754874652
micro-f1 = 0.7560137457044673
precision = 0.7603686635944701
recall = 0.7517084282460137
