acc = 0.9701021355617456
acc_and_f1 = 0.8922021635132834
hamming_loss = 0.02989786443825441
micro-f1 = 0.8143021914648212
precision = 0.8228438228438228
recall = 0.8059360730593608
