acc = 0.9760445682451253
acc_and_f1 = 0.9141391226105351
hamming_loss = 0.02395543175487465
micro-f1 = 0.852233676975945
precision = 0.8551724137931035
recall = 0.8493150684931506
