acc = 0.9593314763231198
acc_and_f1 = 0.8542361848969551
hamming_loss = 0.040668523676880224
micro-f1 = 0.7491408934707904
precision = 0.7517241379310344
recall = 0.7465753424657534
