acc = 0.9675023212627669
acc_and_f1 = 0.8828284386013949
hamming_loss = 0.032497678737233054
micro-f1 = 0.798154555940023
precision = 0.8009259259259259
recall = 0.7954022988505747
