acc = 0.9832335329341317
acc_and_f1 = 0.9388529473715885
hamming_loss = 0.016766467065868262
micro-f1 = 0.8944723618090452
precision = 0.8944723618090452
recall = 0.8944723618090452
