acc = 0.975249500998004
acc_and_f1 = 0.909735303262821
hamming_loss = 0.02475049900199601
micro-f1 = 0.8442211055276382
precision = 0.8442211055276382
recall = 0.8442211055276382
