acc = 0.9886722376973074
acc_and_f1 = 0.9588297160547072
hamming_loss = 0.011327762302692664
micro-f1 = 0.9289871944121071
precision = 0.9300699300699301
recall = 0.9279069767441861
