acc = 0.9805013927576601
acc_and_f1 = 0.9291331177990862
hamming_loss = 0.019498607242339833
micro-f1 = 0.8777648428405123
precision = 0.8787878787878788
recall = 0.8767441860465116
