acc = 0.9853296193129062
acc_and_f1 = 0.9480320412948712
hamming_loss = 0.01467038068709378
micro-f1 = 0.9107344632768362
precision = 0.9035874439461884
recall = 0.9179954441913439
