acc = 0.9706592386258125
acc_and_f1 = 0.8971599764557634
hamming_loss = 0.02934076137418756
micro-f1 = 0.8236607142857143
precision = 0.803921568627451
recall = 0.8443935926773455
