acc = 0.952460538532962
acc_and_f1 = 0.8333731264093381
hamming_loss = 0.047539461467038066
micro-f1 = 0.7142857142857143
precision = 0.6971677559912854
recall = 0.7322654462242563
