acc = 0.9775301764159703
acc_and_f1 = 0.9194638281850757
hamming_loss = 0.022469823584029713
micro-f1 = 0.861397479954181
precision = 0.8623853211009175
recall = 0.8604118993135011
