acc = 0.9934663536776213
acc_and_f1 = 0.8765892919467243
hamming_loss = 0.006533646322378716
micro-f1 = 0.7597122302158273
precision = 0.8275862068965517
recall = 0.7021276595744681
