acc = 0.9903364632237872
acc_and_f1 = 0.8174703898852749
hamming_loss = 0.009663536776212832
micro-f1 = 0.6446043165467625
precision = 0.7021943573667712
recall = 0.5957446808510638
