acc = 0.9947574334898278
acc_and_f1 = 0.9053457497119468
hamming_loss = 0.005242566510172144
micro-f1 = 0.8159340659340659
precision = 0.84375
recall = 0.7898936170212766
