acc = 0.9917057902973396
acc_and_f1 = 0.8502484995442743
hamming_loss = 0.008294209702660408
micro-f1 = 0.7087912087912088
precision = 0.7329545454545454
recall = 0.6861702127659575
