acc = 0.984029712163417
acc_and_f1 = 0.9425895687253867
hamming_loss = 0.0159702878365831
micro-f1 = 0.9011494252873563
precision = 0.9011494252873563
recall = 0.9011494252873563
