acc = 0.9728876508820798
acc_and_f1 = 0.9025357794640284
hamming_loss = 0.02711234911792015
micro-f1 = 0.832183908045977
precision = 0.832183908045977
recall = 0.832183908045977
