acc = 0.9747446610956361
acc_and_f1 = 0.9081182512937388
hamming_loss = 0.025255338904363975
micro-f1 = 0.8414918414918415
precision = 0.8534278959810875
recall = 0.8298850574712644
