acc = 0.9591457753017641
acc_and_f1 = 0.8513677594457538
hamming_loss = 0.04085422469823584
micro-f1 = 0.7435897435897436
precision = 0.7541371158392435
recall = 0.7333333333333333
