acc = 0.9955165692007797
acc_and_f1 = 0.9207837196740176
hamming_loss = 0.0044834307992202725
micro-f1 = 0.8460508701472557
precision = 0.8729281767955801
recall = 0.8207792207792208
