acc = 0.992943469785575
acc_and_f1 = 0.875320463139106
hamming_loss = 0.007056530214424951
micro-f1 = 0.7576974564926372
precision = 0.7817679558011049
recall = 0.7350649350649351
