acc = 0.9914021164021164
acc_and_f1 = 0.8550084175084175
hamming_loss = 0.008597883597883597
micro-f1 = 0.7186147186147186
precision = 0.7685185185185185
recall = 0.6747967479674797
