acc = 0.9879629629629629
acc_and_f1 = 0.7970117845117846
hamming_loss = 0.012037037037037037
micro-f1 = 0.6060606060606061
precision = 0.6481481481481481
recall = 0.5691056910569106
