acc = 0.9906432748538012
acc_and_f1 = 0.8140527552516741
hamming_loss = 0.00935672514619883
micro-f1 = 0.6374622356495468
precision = 0.7275862068965517
recall = 0.5672043010752689
