acc = 0.976984126984127
acc_and_f1 = 0.917063492063492
hamming_loss = 0.023015873015873017
micro-f1 = 0.8571428571428571
precision = 0.8613861386138614
recall = 0.8529411764705882
