acc = 0.9674603174603175
acc_and_f1 = 0.8827449370552819
hamming_loss = 0.03253968253968254
micro-f1 = 0.7980295566502463
precision = 0.801980198019802
recall = 0.7941176470588235
