acc = 0.9793871866295265
acc_and_f1 = 0.9256797524843134
hamming_loss = 0.020612813370473538
micro-f1 = 0.8719723183391004
precision = 0.875
recall = 0.8689655172413793
