acc = 0.9732590529247911
acc_and_f1 = 0.9046249706537395
hamming_loss = 0.026740947075208913
micro-f1 = 0.835990888382688
precision = 0.835990888382688
recall = 0.835990888382688
