acc = 0.9554317548746518
acc_and_f1 = 0.8410416177562325
hamming_loss = 0.04456824512534819
micro-f1 = 0.7266514806378133
precision = 0.7266514806378133
recall = 0.7266514806378133
