acc = 0.9904093567251462
acc_and_f1 = 0.8065543716141068
hamming_loss = 0.0095906432748538
micro-f1 = 0.6226993865030674
precision = 0.7097902097902098
recall = 0.5546448087431693
