acc = 0.9936793080505656
acc_and_f1 = 0.8881440018513698
hamming_loss = 0.006320691949434464
micro-f1 = 0.782608695652174
precision = 0.8142857142857143
recall = 0.7533039647577092
