acc = 0.9906187624750499
acc_and_f1 = 0.8339821501162434
hamming_loss = 0.0093812375249501
micro-f1 = 0.6773455377574371
precision = 0.7047619047619048
recall = 0.6519823788546255
