acc = 0.9939961013645224
acc_and_f1 = 0.8935034270263472
hamming_loss = 0.006003898635477583
micro-f1 = 0.793010752688172
precision = 0.817174515235457
recall = 0.7702349869451697
