acc = 0.9917348927875244
acc_and_f1 = 0.8533943281141922
hamming_loss = 0.008265107212475633
micro-f1 = 0.7150537634408602
precision = 0.7368421052631579
recall = 0.6945169712793734
