acc = 0.9780872794800372
acc_and_f1 = 0.9196318750341362
hamming_loss = 0.02191272051996286
micro-f1 = 0.8611764705882353
precision = 0.8611764705882353
recall = 0.8611764705882353
