acc = 0.9617455896007429
acc_and_f1 = 0.8596963242121362
hamming_loss = 0.0382544103992572
micro-f1 = 0.7576470588235295
precision = 0.7576470588235295
recall = 0.7576470588235295
