acc = 0.9829155060352832
acc_and_f1 = 0.9374671426890031
hamming_loss = 0.017084493964716806
micro-f1 = 0.892018779342723
precision = 0.8899297423887588
recall = 0.8941176470588236
