acc = 0.9736304549675023
acc_and_f1 = 0.9034818941504179
hamming_loss = 0.02636954503249768
micro-f1 = 0.8333333333333334
precision = 0.8313817330210773
recall = 0.8352941176470589
