acc = 0.9756731662024141
acc_and_f1 = 0.9092051305201746
hamming_loss = 0.024326833797585885
micro-f1 = 0.8427370948379351
precision = 0.8602941176470589
recall = 0.8258823529411765
