acc = 0.9630454967502321
acc_and_f1 = 0.8620749692634714
hamming_loss = 0.03695450324976787
micro-f1 = 0.7611044417767107
precision = 0.7769607843137255
recall = 0.7458823529411764
