acc = 0.9945419103313841
acc_and_f1 = 0.8940261174075799
hamming_loss = 0.005458089668615985
micro-f1 = 0.7935103244837758
precision = 0.8621794871794872
recall = 0.7349726775956285
