acc = 0.9728876508820798
acc_and_f1 = 0.9034892799864944
hamming_loss = 0.02711234911792015
micro-f1 = 0.8340909090909091
precision = 0.8284424379232506
recall = 0.8398169336384439
