acc = 0.957288765088208
acc_and_f1 = 0.8479625643622859
hamming_loss = 0.04271123491179202
micro-f1 = 0.7386363636363636
precision = 0.7336343115124153
recall = 0.7437070938215103
