acc = 0.993622848200313
acc_and_f1 = 0.8815356108045412
hamming_loss = 0.006377151799687011
micro-f1 = 0.7694483734087695
precision = 0.8217522658610272
recall = 0.723404255319149
