acc = 0.995226917057903
acc_and_f1 = 0.9138222497377427
hamming_loss = 0.004773082942097027
micro-f1 = 0.8324175824175825
precision = 0.8607954545454546
recall = 0.8058510638297872
