acc = 0.9860279441117764
acc_and_f1 = 0.9489333675218832
hamming_loss = 0.013972055888223553
micro-f1 = 0.9118387909319899
precision = 0.9141414141414141
recall = 0.9095477386934674
