acc = 0.9764471057884232
acc_and_f1 = 0.9139162481083174
hamming_loss = 0.023552894211576848
micro-f1 = 0.8513853904282116
precision = 0.8535353535353535
recall = 0.8492462311557789
