acc = 0.9933723196881091
acc_and_f1 = 0.8663180616845454
hamming_loss = 0.006627680311890838
micro-f1 = 0.7392638036809815
precision = 0.8426573426573427
recall = 0.6584699453551912
