acc = 0.9940140845070422
acc_and_f1 = 0.8914898008742107
hamming_loss = 0.005985915492957746
micro-f1 = 0.7889655172413793
precision = 0.8194842406876791
recall = 0.7606382978723404
