acc = 0.991510172143975
acc_and_f1 = 0.8460999136581944
hamming_loss = 0.00848982785602504
micro-f1 = 0.7006896551724138
precision = 0.7277936962750716
recall = 0.675531914893617
