acc = 0.9823584029712163
acc_and_f1 = 0.9363925809550431
hamming_loss = 0.017641597028783658
micro-f1 = 0.8904267589388697
precision = 0.8997668997668997
recall = 0.8812785388127854
