acc = 0.9818012999071495
acc_and_f1 = 0.9352188317717566
hamming_loss = 0.01819870009285051
micro-f1 = 0.8886363636363637
precision = 0.8826185101580135
recall = 0.8947368421052632
