acc = 0.9695450324976788
acc_and_f1 = 0.8915906980670212
hamming_loss = 0.030454967502321264
micro-f1 = 0.8136363636363636
precision = 0.8081264108352144
recall = 0.8192219679633868
