acc = 0.9792014856081709
acc_and_f1 = 0.923718389862909
hamming_loss = 0.020798514391829157
micro-f1 = 0.8682352941176471
precision = 0.8682352941176471
recall = 0.8682352941176471
