acc = 0.9634168987929433
acc_and_f1 = 0.8688791252269413
hamming_loss = 0.036583101207056636
micro-f1 = 0.7743413516609393
precision = 0.7752293577981652
recall = 0.7734553775743707
