acc = 0.9930214424951267
acc_and_f1 = 0.8695603666376343
hamming_loss = 0.006978557504873294
micro-f1 = 0.7460992907801418
precision = 0.821875
recall = 0.6831168831168831
