acc = 0.9712163416898792
acc_and_f1 = 0.8980375493760131
hamming_loss = 0.028783658310120707
micro-f1 = 0.8248587570621468
precision = 0.8183856502242153
recall = 0.8314350797266514
