acc = 0.9801299907149489
acc_and_f1 = 0.9293385481384052
hamming_loss = 0.019870009285051067
micro-f1 = 0.8785471055618616
precision = 0.8755656108597285
recall = 0.8815489749430524
