acc = 0.9945808966861599
acc_and_f1 = 0.9032444402240001
hamming_loss = 0.005419103313840156
micro-f1 = 0.8119079837618404
precision = 0.847457627118644
recall = 0.7792207792207793
