acc = 0.9922417153996101
acc_and_f1 = 0.8614794503926333
hamming_loss = 0.0077582846003898635
micro-f1 = 0.7307171853856563
precision = 0.7627118644067796
recall = 0.7012987012987013
