acc = 0.9941910331384015
acc_and_f1 = 0.8917206933725954
hamming_loss = 0.005808966861598441
micro-f1 = 0.7892503536067893
precision = 0.8328358208955224
recall = 0.75
