acc = 0.9920634920634921
acc_and_f1 = 0.8632883831998877
hamming_loss = 0.007936507936507936
micro-f1 = 0.7345132743362832
precision = 0.8058252427184466
recall = 0.6747967479674797
