acc = 0.9894179894179894
acc_and_f1 = 0.8177178442665168
hamming_loss = 0.010582010582010581
micro-f1 = 0.6460176991150443
precision = 0.7087378640776699
recall = 0.5934959349593496
