acc = 0.9923976608187135
acc_and_f1 = 0.8620860381122453
hamming_loss = 0.00760233918128655
micro-f1 = 0.7317744154057771
precision = 0.7492957746478873
recall = 0.7150537634408602
