acc = 0.9922535211267606
acc_and_f1 = 0.8601377495743693
hamming_loss = 0.007746478873239437
micro-f1 = 0.728021978021978
precision = 0.7528409090909091
recall = 0.7047872340425532
