acc = 0.9903364632237872
acc_and_f1 = 0.8204864777222189
hamming_loss = 0.009663536776212832
micro-f1 = 0.6506364922206507
precision = 0.6948640483383686
recall = 0.6117021276595744
