acc = 0.9647168059424327
acc_and_f1 = 0.8705936970888635
hamming_loss = 0.035283194057567316
micro-f1 = 0.7764705882352941
precision = 0.7764705882352941
recall = 0.7764705882352941
