acc = 0.9938789088489687
acc_and_f1 = 0.8914348672685211
hamming_loss = 0.006121091151031271
micro-f1 = 0.7889908256880734
precision = 0.8229665071770335
recall = 0.7577092511013216
