acc = 0.9906852960745176
acc_and_f1 = 0.8347921893216625
hamming_loss = 0.009314703925482368
micro-f1 = 0.6788990825688074
precision = 0.7081339712918661
recall = 0.6519823788546255
