acc = 0.981058495821727
acc_and_f1 = 0.9319085582556911
hamming_loss = 0.01894150417827298
micro-f1 = 0.8827586206896552
precision = 0.8888888888888888
recall = 0.8767123287671232
