acc = 0.9676880222841225
acc_and_f1 = 0.8838440111420613
hamming_loss = 0.03231197771587744
micro-f1 = 0.8
precision = 0.8055555555555556
recall = 0.7945205479452054
