acc = 0.9671309192200557
acc_and_f1 = 0.8831114300981096
hamming_loss = 0.03286908077994429
micro-f1 = 0.7990919409761634
precision = 0.7963800904977375
recall = 0.8018223234624146
