acc = 0.9932163742690059
acc_and_f1 = 0.8651882475574637
hamming_loss = 0.006783625730994152
micro-f1 = 0.7371601208459214
precision = 0.8413793103448276
recall = 0.6559139784946236
