acc = 0.994775828460039
acc_and_f1 = 0.9011235464139276
hamming_loss = 0.005224171539961014
micro-f1 = 0.8074712643678161
precision = 0.8515151515151516
recall = 0.76775956284153
