acc = 0.9919688109161794
acc_and_f1 = 0.8479958997109632
hamming_loss = 0.008031189083820663
micro-f1 = 0.7040229885057471
precision = 0.7424242424242424
recall = 0.6693989071038251
