acc = 0.982544103992572
acc_and_f1 = 0.9378629610871951
hamming_loss = 0.01745589600742804
micro-f1 = 0.8931818181818182
precision = 0.8891402714932126
recall = 0.8972602739726028
