acc = 0.9706592386258125
acc_and_f1 = 0.895556892040179
hamming_loss = 0.02934076137418756
micro-f1 = 0.8204545454545454
precision = 0.8167420814479638
recall = 0.8242009132420092
