acc = 0.9769730733519034
acc_and_f1 = 0.9158870050600266
hamming_loss = 0.023026926648096566
micro-f1 = 0.8548009367681498
precision = 0.8711217183770883
recall = 0.8390804597701149
