acc = 0.9643454038997215
acc_and_f1 = 0.8697605239639122
hamming_loss = 0.03565459610027855
micro-f1 = 0.775175644028103
precision = 0.7899761336515513
recall = 0.7609195402298851
