acc = 0.9947368421052631
acc_and_f1 = 0.9045211033084775
hamming_loss = 0.005263157894736842
micro-f1 = 0.8143053645116919
precision = 0.8338028169014085
recall = 0.7956989247311828
