acc = 0.9801587301587301
acc_and_f1 = 0.9272652947276063
hamming_loss = 0.01984126984126984
micro-f1 = 0.8743718592964824
precision = 0.8969072164948454
recall = 0.8529411764705882
