acc = 0.9658730158730159
acc_and_f1 = 0.8748963069314828
hamming_loss = 0.034126984126984124
micro-f1 = 0.7839195979899497
precision = 0.8041237113402062
recall = 0.7647058823529411
