acc = 0.995226917057903
acc_and_f1 = 0.9133593148825427
hamming_loss = 0.004773082942097027
micro-f1 = 0.8314917127071824
precision = 0.8649425287356322
recall = 0.800531914893617
