acc = 0.992018779342723
acc_and_f1 = 0.855125411770809
hamming_loss = 0.007981220657276996
micro-f1 = 0.7182320441988951
precision = 0.7471264367816092
recall = 0.6914893617021277
